Nodos:
0 45 274
1 70 291
2 130 390
3 211 481
4 308 551
5 358 561
6 406 545
7 486 488
8 748 389
9 818 405
10 860 427
11 914 466
12 988 534
13 1044 555
14 1171 564
15 1203 569
16 1237 605
17 1257 583
18 1261 535
19 1235 478
20 1231 424
21 1212 305
22 1189 249
23 1169 171
24 571 427
25 652 394
26 237 220
27 332 196
28 333 271
29 398 301
30 428 307
31 448 320
32 505 343
33 647 341
34 800 334
35 887 332
36 945 329
37 907 263
38 898 227
39 784 231
40 756 186
41 625 183
42 611 190
43 575 215
44 522 250
45 488 278
46 260 388
47 269 437
48 303 387
49 312 397
50 317 401
51 365 358
52 243 456
53 344 314
54 324 319
55 647 361
56 124 246
57 54 262
58 880 426
59 900 422
60 961 386
61 894 390
62 890 352
63 870 354
64 851 354
65 832 354
66 804 355
67 788 356
68 727 358
69 673 360
70 832 392
71 801 391
72 1023 502
73 1005 478
74 987 439
75 995 461
76 276 351
77 250 268
78 294 256
79 173 288
80 170 277
81 148 266
82 166 260
83 208 279
84 198 251
85 242 241
86 285 230
87 160 239
88 193 230
89 279 209
90 329 389
91 310 369
92 309 357
93 248 353
94 264 378
95 248 365
96 234 387
97 229 401
98 238 430
99 214 443
100 206 464
101 261 342
102 236 342
103 211 342
104 187 342
105 268 336
106 257 299
107 203 313
108 192 283
109 261 397
110 182 319
111 227 307
112 304 202
113 306 262
114 269 287
115 299 280
116 322 292
117 287 296
118 298 301
119 311 309
120 279 336
121 387 336
122 376 306
123 424 352
124 398 406
125 369 459
126 344 494
127 336 509
128 333 520
129 318 513
130 310 525
131 323 504
132 333 487
133 315 461
134 292 475
135 281 465
136 346 435
137 438 432
138 450 445
139 470 468
140 434 494
141 421 472
142 413 462
143 390 486
144 365 508
145 347 525
146 383 531
147 410 517
148 382 475
149 405 452
150 396 437
151 415 421
152 384 426
153 322 530
154 298 492
155 342 461
156 326 478
157 329 447
158 358 445
159 355 480
160 292 421
161 304 442
162 332 417
163 382 387
164 347 405
165 251 492
166 258 483
167 491 365
168 524 344
169 537 370
170 504 385
171 468 393
172 483 407
173 493 419
174 513 446
175 514 403
176 533 440
177 543 416
178 500 427
179 518 413
180 527 430
181 507 438
182 556 426
183 546 394
184 545 344
185 597 341
186 546 331
187 597 329
188 646 327
189 546 363
190 564 383
191 571 391
192 580 402
193 594 388
194 621 361
195 603 361
196 585 379
197 571 362
198 562 361
199 563 343
200 563 329
201 648 386
202 685 384
203 704 339
204 782 335
205 733 338
206 735 322
207 760 337
208 760 322
209 704 325
210 687 285
211 638 307
212 703 309
213 684 314
214 679 322
215 696 300
216 623 267
217 611 256
218 618 251
219 595 236
220 609 229
221 658 227
222 666 238
223 605 215
224 625 204
225 1194 629
226 1166 535
227 1157 514
228 1190 476
229 1211 469
230 1208 404
231 1189 390
232 1169 438
233 1137 496
234 1060 504
235 1072 531
236 1109 530
237 1122 518
238 1114 504
239 1145 505
240 1221 525
241 1156 466
242 1161 283
243 1167 327
244 1171 361
245 1128 289
246 1106 287
247 1067 288
248 1118 333
249 1099 322
250 1061 301
251 1059 216
252 1060 188
253 1059 147
254 1153 174
255 1100 190
256 1127 138
257 1092 146
258 1157 238
259 1102 242
260 1126 239
261 1122 182
262 825 334
263 852 334
264 777 321
265 799 320
266 789 266
267 790 280
268 795 302
269 888 309
270 889 261
271 834 313
272 846 286
273 856 260
274 892 191
275 902 170
276 920 157
277 946 143
278 954 153
279 995 149
280 1025 144
281 949 185
282 922 222
283 954 219
284 929 259
285 958 260
286 963 297
287 937 311
288 986 319
289 972 329
290 948 346
291 982 343
292 997 328
293 996 366
294 1005 346
295 1011 332
296 980 269
297 995 246
298 1011 221
299 1028 196
300 1026 183
301 1002 184
302 1007 287
303 1023 262
304 1047 353
305 1023 376
306 1103 390
307 1143 418
308 1040 396
309 1055 412
310 1078 436
311 1102 464
312 1129 433
313 1027 511
314 1060 496
315 1087 477
316 333 166
317 335 145
318 275 149
319 224 154
320 177 156
321 109 147
322 68 197
323 59 230
324 66 139
325 298 147
326 1009 517
327 72 81
328 104 91
329 125 96
330 152 105
331 168 107
332 220 102
333 272 100
334 293 100
335 336 102
336 336 116
337 296 118
338 273 118
339 223 134
340 273 132
341 175 138
342 156 153
343 130 149
344 395 131
345 369 118
346 414 141
347 363 155
348 392 160
349 404 167
350 429 166
351 440 200
352 449 151
353 486 161
354 487 194
355 532 179
356 455 198
357 357 194
358 360 168
359 386 192
360 401 195
361 557 198
362 583 176
363 603 170
364 591 202
365 462 290
366 440 300
367 419 288
368 426 284
369 454 271
370 355 247
371 369 245
372 376 270
373 360 276
374 361 284
375 385 294
376 389 266
377 380 244
378 355 212
379 385 213
380 367 211
381 450 259
382 433 232
383 476 239
384 460 218
385 498 221
386 481 203
Enlaces:
0 1 185.838765132574
1 2 711.5932449152396
2 3 748.8751623455007
3 4 735.3055685774452
4 5 313.4367295005485
5 6 311.01633243288046
6 7 603.8156517025706
8 9 441.3871316701473
9 10 291.448192706697
10 11 409.4566486613693
11 12 617.7658544303011
12 13 367.63993715726804
13 14 782.6268088239758
14 15 199.09069250218604
15 16 304.385139696405
16 17 182.76344917953372
17 18 296.07872750334496
18 19 385.1084461875642
19 20 332.8474208823016
20 21 740.7581345473028
48 49 82.6994270173621
49 50 39.360004687499725
47 52 197.94867146055816
52 3 249.61664455921203
30 29 188.0620377003291
54 53 126.72365140335882
28 53 272.8326405142904
30 31 146.62882227243048
31 32 377.82804395915343
35 36 357.0026038518487
33 55 122.94
0 57 92.205
57 56 441.3871316701473
27 28 461.0659781788285
31 45 356.526
45 44 270.7472649169332
44 43 390.41919356763185
42 41 96.21576900383846
41 40 805.4681288108177
40 39 325.791
39 38 701.1892357331222
38 37 228.10257252604586
9 58 402.38207535251865
59 58 125.3746918002194
59 60 435.39683089453007
59 61 200.13182040844978
61 62 234.87654020782918
62 35 124.31538151411515
63 62 123.55317088606023
63 64 116.793
64 65 116.793
65 66 172.22573287694266
66 67 98.54390652394495
67 68 375.16848684957534
68 69 332.16558864518163
69 55 159.94016785348202
9 70 117.43827010391459
70 61 381.312238765031
9 66 319.17080358955144
71 9 135.3736324584666
67 71 229.50629391369642
72 73 184.41
73 75 121.23779072962358
75 74 143.89758070238707
60 74 362.88131305566014
54 76 354.6131790444343
76 92 206.1766478653681
92 51 344.2868795539557
92 91 74.01968187583624
91 90 169.5725462715
50 90 104.31804921488897
90 51 292.03102491516205
48 76 276.615
48 46 264.3924670825552
49 109 313.497
109 47 250.7493836004388
109 97 198.23479351516474
97 98 186.6502919847703
98 52 162.7504590131776
98 99 167.7804479222773
99 100 138.1366444684393
100 3 108.92511751657649
46 96 159.94016785348202
96 97 91.38172458976686
46 94 66.2052161389116
94 76 181.62278672292197
76 101 107.52858389284218
76 105 104.49900000000001
76 93 172.55451281261816
93 95 73.76400000000001
95 96 160.29414873912273
95 94 126.72365140335882
101 102 153.675
102 103 153.675
103 104 147.52800000000002
104 110 144.68319662628414
110 79 198.42531234194897
110 107 134.25250646822204
107 103 184.92154051110433
107 108 196.41564802479462
79 80 70.086583380844
80 82 107.3527398113341
82 87 134.25250646822204
80 81 151.1962084346033
81 82 116.63112466233017
82 84 204.33574808388278
84 85 277.3652824778184
85 77 173.10109166900133
77 83 266.8817583968601
83 108 101.37892112268705
108 79 120.76938798387611
77 106 195.35471606797725
106 105 237.2773849527173
107 111 152.06838168403056
111 102 222.14410942899207
111 106 190.85420371582074
56 87 225.4365633720493
87 88 210.25975014253206
88 26 277.3652824778184
26 89 266.8817583968601
85 86 272.8326405142904
85 26 132.6954927418411
86 78 169.12630195507737
77 78 280.346333523376
86 89 134.25250646822204
89 112 159.58540179477572
112 27 176.0232921519195
76 120 94.03101885016456
120 118 244.80191149989005
118 119 93.82988275064612
119 54 100.8182960627683
119 116 124.46726352740306
116 28 145.7240963533485
118 117 74.27448359968584
117 114 123.70598871922087
114 115 189.36352061841268
115 116 159.46697105356958
115 113 118.71828905859452
113 28 174.94668699349526
113 78 82.47065914614726
114 77 165.1702445902409
117 115 122.94
53 122 202.7578422453741
122 29 138.6826412389092
122 121 196.41564802479462
51 121 191.24975689396314
121 30 308.69937787109325
143 148 83.60823921719678
143 144 204.7052524509325
144 145 152.1925698482025
145 146 224.34444764245896
144 146 179.5302884668768
146 147 186.95370636871579
147 140 204.33574808388278
147 143 226.77348577159543
140 139 272.97109910757956
139 7 157.4400187499989
140 141 157.07960617788677
141 142 78.72000937499945
142 143 204.33574808388278
141 138 243.56396722421815
142 137 240.04802378899103
139 138 187.35749454185174
138 137 108.75153156162905
137 151 156.71836475027425
142 149 78.72000937499945
149 150 107.52858389284218
150 151 152.68831243091267
151 124 139.3621290953895
150 152 100.06591020422489
152 124 150.06739473983015
152 125 222.82345079905753
148 125 126.72365140335882
136 124 365.991781198704
4 153 155.14326583194
153 128 91.38172458976686
128 127 70.086583380844
127 126 104.49900000000001
126 132 80.14707436956137
127 131 85.61780273985079
128 129 101.75095511099639
153 130 79.911
130 129 88.65329476110857
131 132 121.23779072962358
126 159 109.44422347935958
159 125 155.14326583194
125 158 109.44422347935958
158 136 96.0192095155964
136 157 127.91078413097155
157 133 121.70439075070382
133 134 165.51304034727897
134 135 91.38172458976686
135 47 187.2566291269818
134 154 110.81661845138571
154 131 170.46153032576
132 156 70.086583380844
156 133 124.46726352740306
156 155 143.50315991294408
155 158 139.09073228651866
47 160 172.22573287694266
160 50 196.8000234374986
50 162 134.81423489008867
162 161 230.73777991694382
162 164 118.08001406249916
90 164 148.03936375167248
164 163 241.92955243417455
163 51 206.63431024396698
163 124 152.68831243091267
161 160 148.67609513637356
161 133 134.9543016654156
130 165 415.5481116910532
165 166 70.086583380844
166 129 412.3532957307362
166 135 179.5302884668768
166 52 189.86171542994128
123 124 368.4099720800185
123 31 245.88
136 162 140.173166761688
139 174 296.9070996069309
32 168 116.95465128843743
32 167 160.29414873912273
167 171 222.73864643792731
171 172 126.12589499781559
172 173 96.0192095155964
173 178 65.3435063108799
178 181 80.14707436956137
181 174 61.47
174 176 128.35312822054632
176 180 71.68572259522813
180 179 118.23990582709375
179 175 66.2052161389116
175 170 126.5744769532942
170 167 146.62882227243048
172 170 186.95370636871579
175 173 162.2854567513676
178 179 140.173166761688
181 180 132.4104322778232
176 177 159.822
177 180 130.6870126217598
176 182 165.51304034727897
182 177 100.8182960627683
177 182 100.8182960627683
177 183 136.48554955378978
183 169 157.5599730674006
169 168 178.68642814998572
168 184 129.08700000000002
184 199 110.81661845138571
199 185 209.35927598269922
185 33 307.35
184 186 80.14707436956137
186 200 105.21969129872983
200 187 208.99800000000002
187 188 301.45379354886217
188 33 86.27725640630908
187 185 73.76400000000001
200 199 86.058
184 189 116.95465128843743
199 198 110.81661845138571
169 189 70.086583380844
189 198 99.11739675758237
198 197 55.663452444130705
197 195 196.8000234374986
195 194 110.646
194 55 159.822
194 33 201.6365921255366
194 193 234.71561073350023
195 196 156.47707382233347
196 197 135.3736324584666
196 191 113.34507955795875
196 193 78.23853691116673
193 192 121.70439075070382
182 192 208.63609842977795
192 191 87.3652849706335
191 190 65.3435063108799
190 183 129.67110705550408
190 189 165.3988540347242
177 191 230.73777991694382
55 201 153.79789086330152
201 202 227.77102791399966
69 202 164.9413182922945
193 201 332.16558864518163
22 21 372.13472961415465
23 22 494.9766547585856
8 25 590.9118485603416
25 201 54.98043943076483
25 24 537.642919464211
24 7 643.1183997632162
33 203 350.5946178665611
203 205 178.3689512723557
205 207 166.08279432259081
207 204 135.7916683453002
204 34 110.81661845138571
205 68 128.35312822054632
204 67 134.25250646822204
207 208 92.205
208 206 153.675
206 205 99.11739675758237
206 209 191.44722701047408
209 203 86.058
214 209 154.77750516790223
214 188 205.16619708421757
214 213 57.99068201875194
213 215 113.34507955795875
215 212 70.086583380844
212 209 98.54390652394495
210 215 107.52858389284218
211 210 330.1688688610724
211 188 132.4104322778232
211 216 262.5999551123343
216 218 103.04249671373458
216 217 100.06591020422489
217 219 157.4400187499989
219 43 178.263
218 220 146.11252199931394
220 223 89.50167097881469
223 224 140.30788391605086
224 42 121.70439075070382
224 221 247.25920682959412
221 222 83.60823921719678
222 210 316.4361923832355
218 221 286.7428903809125
14 225 423.8310809579684
14 226 180.8931656917972
226 227 140.44247184523635
227 239 92.205
239 233 74.01968187583624
233 238 149.68923186722552
238 237 99.11739675758237
237 239 162.40183213868002
237 236 108.75153156162905
236 226 351.72444308862015
236 235 227.52205240371757
235 234 181.62278672292197
227 228 309.37185973678993
228 229 136.0696454393852
226 240 343.62774644228017
240 229 349.6773237200262
229 230 399.9803351491171
230 231 145.0744092285059
232 231 319.644
232 241 189.7621811030849
241 233 218.28342344071848
23 254 100.06591020422489
254 256 272.97109910757956
256 257 220.69356583507366
257 253 202.94411499228056
253 252 252.10195226931503
252 255 246.1871581459927
255 257 274.90219715382415
252 251 172.22573287694266
251 247 445.30761955304564
247 250 88.01164607595975
250 249 266.8817583968601
249 248 134.9543016654156
248 245 277.3652824778184
249 246 219.40571065038395
245 246 135.7916683453002
246 247 239.81179474329448
245 242 206.1766478653681
242 243 272.97109910757956
243 244 210.43938259745966
244 231 209.8099961512797
242 258 277.70564986870545
258 254 394.1756260957798
255 259 319.88033570696405
259 246 277.70564986870545
255 261 143.89758070238707
254 261 196.8000234374986
261 260 351.24067729265073
260 245 307.59578172660304
259 260 148.67609513637356
260 258 190.6561193825155
244 248 368.4612505230367
34 262 153.675
262 263 165.969
263 35 215.49597086952696
39 266 217.3292691976854
266 267 86.27725640630908
267 268 138.6826412389092
268 265 113.34507955795875
34 265 86.27725640630908
262 271 140.44247184523635
271 272 181.62278672292197
272 273 171.23560547970158
273 270 202.94411499228056
270 37 111.32690488826141
270 269 295.1200243036721
269 35 141.51456734202313
38 274 224.34444764245896
274 275 142.97557298014232
275 276 136.48554955378978
276 277 181.51873470250942
277 278 78.72000937499945
278 279 253.22357408622128
279 280 186.95370636871579
280 253 209.8099961512797
278 281 199.09069250218604
281 283 211.24583837084222
283 285 253.22357408622128
285 284 178.3689512723557
284 37 137.45109857691207
284 282 231.47352669797903
282 283 197.5665308117749
282 38 150.69555736318173
274 281 352.31481031174377
37 287 347.94409211251167
287 36 121.08185781528131
36 289 165.969
289 288 105.75698683302205
288 286 195.6446317101494
287 286 181.51873470250942
286 285 229.50629391369642
36 290 106.11367245553232
290 60 258.53963394613214
60 293 247.79349189395592
293 294 134.81423489008867
295 294 93.6283145634909
294 292 121.08185781528131
292 295 89.50167097881469
291 292 130.39756151861124
291 290 209.8099961512797
292 288 87.3652849706335
252 300 211.24583837084222
300 280 239.81179474329448
300 301 147.65600696551428
301 279 219.40571065038395
300 299 80.85116175417642
299 251 226.77348577159543
299 298 185.838765132574
298 297 182.45306664728878
297 296 168.7908444969691
296 286 201.3553040200332
288 302 235.27838231550302
302 303 182.45306664728878
303 251 359.0605769337536
297 303 198.23479351516474
296 302 199.4699132124943
303 247 314.15921235577355
295 304 256.1905596094439
306 304 412.5823172955914
306 307 300.1347894796603
307 232 201.6365921255366
307 312 126.12589499781559
312 241 262.0958549119005
312 311 252.70077010171536
311 310 226.6901591159175
310 309 204.33574808388278
309 308 134.81423489008867
294 305 215.05716778568436
305 308 161.35143197691184
305 304 204.33574808388278
311 233 291.5130093855161
13 313 289.9534100937597
313 72 60.540928907640655
72 314 230.41002722320923
314 315 202.94411499228056
315 311 122.01446613414329
234 313 207.3644690924653
57 323 199.09069250218604
323 322 210.25975014253206
322 324 356.7379025447114
324 321 268.8565974957654
320 319 289.1704561621052
319 318 315.0000146571425
317 316 129.67110705550408
27 316 184.5124215574659
89 318 369.63869135143307
319 26 413.49713508681054
88 320 465.38920355762446
56 321 615.4985912526527
318 325 141.91451510328324
317 325 227.77102791399966
325 112 340.09079544880365
313 326 116.63112466233017
328 321 345.60137448945426
324 327 358.42861297614064
327 328 206.08499342746916
328 329 132.6954927418411
329 330 174.94668699349526
330 331 99.11739675758237
331 332 321.11824451594157
332 333 319.88033570696405
333 334 129.08700000000002
334 335 264.6067525158797
335 336 86.058
336 317 178.3689512723557
336 337 247.10634177212046
337 338 141.381
338 340 86.058
340 318 105.21969129872983
334 337 112.17222382122948
337 325 178.68642814998572
340 339 307.59578172660304
339 341 296.07872750334496
341 331 195.35471606797725
341 320 111.32690488826141
320 342 130.39756151861124
342 343 161.70232350835283
343 321 129.67110705550408
332 339 197.5665308117749
339 319 123.09357907299635
335 345 225.4365633720493
345 344 178.68642814998572
344 346 131.98168717288016
346 352 223.75417744703674
352 353 235.59936252248224
353 355 303.6394011981976
355 354 291.5778116558254
354 353 202.94411499228056
354 356 198.23479351516474
356 352 291.25365612297475
356 351 93.0209893572413
351 350 219.6638857277181
350 346 179.21430648807032
350 349 153.79789086330152
349 348 85.39685320314794
348 344 179.21430648807032
349 360 173.10109166900133
360 351 241.69516237194324
360 359 94.03101885016456
359 348 200.13182040844978
348 347 180.8931656917972
347 345 230.41002722320923
347 358 82.01120900218459
358 357 160.88238612414972
357 359 178.68642814998572
357 27 154.16597569178487
358 316 166.4237104411508
43 364 126.72365140335882
364 42 143.37144519045626
42 363 132.4104322778232
363 362 128.35312822054632
355 362 314.0389139740488
362 364 167.21647843439357
43 361 152.1925698482025
355 361 193.01971524691461
45 365 176.0232921519195
365 366 148.54896719937167
366 30 85.39685320314794
30 367 129.23327426789126
367 368 49.558698378791185
368 369 189.7621811030849
367 29 151.8197005990988
28 374 189.7621811030849
374 375 159.822
375 29 90.75936735125471
374 373 49.558698378791185
373 370 180.8931656917972
370 378 215.145
378 357 111.32690488826141
378 380 74.01968187583624
380 379 111.32690488826141
379 359 129.23327426789126
380 371 209.35927598269922
371 370 86.93170767907417
371 377 67.8958341726501
377 376 146.11252199931394
376 29 222.14410942899207
375 372 157.5599730674006
372 371 159.58540179477572
369 365 126.72365140335882
369 381 77.75408310822012
381 382 196.1268721057877
382 351 201.3553040200332
381 383 201.6365921255366
383 384 162.2854567513676
384 356 126.72365140335882
44 385 231.39189258269184
385 383 174.730569941267
385 361 389.2560752127062
385 386 152.1925698482025
386 354 66.48997107083143
