0 1 6.6901955447726635
1 0 6.6901955447726635
1 2 25.617356816948625
2 1 25.617356816948625
2 3 26.959505844438024
3 2 26.959505844438024
3 4 26.471000468788027
4 3 26.471000468788027
4 5 11.283722262019745
5 4 11.283722262019745
5 6 11.196587967583696
6 5 11.196587967583696
6 7 21.73736346129254
7 6 21.73736346129254
8 9 15.889936740125304
9 8 15.889936740125304
9 10 10.492134937441094
10 9 10.492134937441094
10 11 14.740439351809295
11 10 14.740439351809295
11 12 22.23957075949084
12 11 22.23957075949084
12 13 13.23503773766165
13 12 13.23503773766165
13 14 28.174565117663132
14 13 28.174565117663132
14 15 7.167264930078698
15 14 7.167264930078698
15 16 10.95786502907058
16 15 10.95786502907058
16 17 6.579484170463214
17 16 6.579484170463214
17 18 10.658834190120418
18 17 10.658834190120418
18 19 13.863904062752312
19 18 13.863904062752312
19 20 11.982507151762857
20 19 11.982507151762857
20 21 26.667292843702903
21 20 26.667292843702903
48 49 7.442948431562589
49 48 7.442948431562589
49 50 3.542400421874975
50 49 3.542400421874975
47 52 17.815380431450233
52 47 17.815380431450233
52 3 22.465498010329085
3 52 22.465498010329085
30 29 16.925583393029623
29 30 16.925583393029623
54 53 11.405128626302293
53 54 11.405128626302293
28 53 24.554937646286138
53 28 24.554937646286138
30 31 13.196594004518742
31 30 13.196594004518742
31 32 34.00452395632381
32 31 34.00452395632381
35 36 32.13023434666638
36 35 32.13023434666638
33 55 11.0646
55 33 11.0646
0 57 8.29845
57 0 8.29845
57 56 39.72484185031326
56 57 39.72484185031326
27 28 41.495938036094564
28 27 41.495938036094564
31 45 32.087340000000005
45 31 32.087340000000005
45 44 24.367253842523986
44 45 24.367253842523986
44 43 35.13772742108687
43 44 35.13772742108687
42 41 8.659419210345462
41 42 8.659419210345462
41 40 72.49213159297359
40 41 72.49213159297359
40 39 29.32119
39 40 29.32119
39 38 63.107031215980996
38 39 63.107031215980996
38 37 20.52923152734413
37 38 20.52923152734413
9 58 36.21438678172668
58 9 36.21438678172668
59 58 11.283722262019745
58 59 11.283722262019745
59 60 39.18571478050771
60 59 39.18571478050771
59 61 18.011863836760483
61 59 18.011863836760483
61 62 21.138888618704627
62 61 21.138888618704627
62 35 11.188384336270364
35 62 11.188384336270364
63 62 11.119785379745421
62 63 11.119785379745421
63 64 10.511370000000001
64 63 10.511370000000001
64 65 10.511370000000001
65 64 10.511370000000001
65 66 15.500315958924839
66 65 15.500315958924839
66 67 8.868951587155047
67 66 8.868951587155047
67 68 33.76516381646178
68 67 33.76516381646178
68 69 29.894902978066348
69 68 29.894902978066348
69 55 14.394615106813383
55 69 14.394615106813383
9 70 10.569444309352313
70 9 10.569444309352313
70 61 34.31810148885279
61 70 34.31810148885279
9 66 28.725372323059627
66 9 28.725372323059627
71 9 12.183626921261993
9 71 12.183626921261993
67 71 20.65556645223268
71 67 20.65556645223268
72 73 16.5969
73 72 16.5969
73 75 10.911401165666122
75 73 10.911401165666122
75 74 12.950782263214837
74 75 12.950782263214837
60 74 32.65931817500941
74 60 32.65931817500941
54 76 31.915186113999084
76 54 31.915186113999084
76 92 18.55589830788313
92 76 18.55589830788313
92 51 30.985819159856014
51 92 30.985819159856014
92 91 6.661771368825261
91 92 6.661771368825261
91 90 15.261529164434998
90 91 15.261529164434998
50 90 9.388624429340007
90 50 9.388624429340007
90 51 26.282792242364586
51 90 26.282792242364586
48 76 24.89535
76 48 24.89535
48 46 23.79532203742997
46 48 23.79532203742997
49 109 28.21473
109 49 28.21473
109 47 22.56744452403949
47 109 22.56744452403949
109 97 17.841131416364828
97 109 17.841131416364828
97 98 16.798526278629325
98 97 16.798526278629325
98 52 14.647541311185984
52 98 14.647541311185984
98 99 15.100240313004955
99 98 15.100240313004955
99 100 12.432298002159538
100 99 12.432298002159538
100 3 9.803260576491885
3 100 9.803260576491885
46 96 14.394615106813383
96 46 14.394615106813383
96 97 8.224355213079019
97 96 8.224355213079019
46 94 5.958469452502044
94 46 5.958469452502044
94 76 16.34605080506298
76 94 16.34605080506298
76 101 9.677572550355796
101 76 9.677572550355796
76 105 9.404910000000001
105 76 9.404910000000001
76 93 15.529906153135633
93 76 15.529906153135633
93 95 6.63876
95 93 6.63876
95 96 14.426473386521046
96 95 14.426473386521046
95 94 11.405128626302293
94 95 11.405128626302293
101 102 13.83075
102 101 13.83075
102 103 13.83075
103 102 13.83075
103 104 13.27752
104 103 13.27752
104 110 13.021487696365572
110 104 13.021487696365572
110 79 17.858278110775405
79 110 17.858278110775405
110 107 12.082725582139982
107 110 12.082725582139982
107 103 16.64293864599939
103 107 16.64293864599939
107 108 17.677408322231514
108 107 17.677408322231514
79 80 6.307792504275961
80 79 6.307792504275961
80 82 9.661746583020069
82 80 9.661746583020069
82 87 12.082725582139982
87 82 12.082725582139982
80 81 13.607658759114297
81 80 13.607658759114297
81 82 10.496801219609715
82 81 10.496801219609715
82 84 18.39021732754945
84 82 18.39021732754945
84 85 24.96287542300366
85 84 24.96287542300366
85 77 15.57909825021012
77 85 15.57909825021012
77 83 24.01935825571741
83 77 24.01935825571741
83 108 9.124102901041834
108 83 9.124102901041834
108 79 10.86924491854885
79 108 10.86924491854885
77 106 17.581924446117952
106 77 17.581924446117952
106 105 21.35496464574456
105 106 21.35496464574456
107 111 13.68615435156275
111 107 13.68615435156275
111 102 19.992969848609285
102 111 19.992969848609285
111 106 17.17687833442387
106 111 17.17687833442387
56 87 20.289290703484436
87 56 20.289290703484436
87 88 18.923377512827884
88 87 18.923377512827884
88 26 24.96287542300366
26 88 24.96287542300366
26 89 24.01935825571741
89 26 24.01935825571741
85 86 24.554937646286138
86 85 24.554937646286138
85 26 11.942594346765699
26 85 11.942594346765699
86 78 15.221367175956964
78 86 15.221367175956964
77 78 25.231170017103842
78 77 25.231170017103842
86 89 12.082725582139982
89 86 12.082725582139982
89 112 14.362686161529814
112 89 14.362686161529814
112 27 15.842096293672753
27 112 15.842096293672753
76 120 8.462791696514811
120 76 8.462791696514811
120 118 22.032172034990104
118 120 22.032172034990104
118 119 8.44468944755815
119 118 8.44468944755815
119 54 9.073646645649147
54 119 9.073646645649147
119 116 11.202053717466274
116 119 11.202053717466274
116 28 13.115168671801365
28 116 13.115168671801365
118 117 6.684703523971725
117 118 6.684703523971725
117 114 11.133538984729878
114 117 11.133538984729878
114 115 17.04271685565714
115 114 17.04271685565714
115 116 14.352027394821262
116 115 14.352027394821262
115 113 10.684646015273508
113 115 10.684646015273508
113 28 15.745201829414572
28 113 15.745201829414572
113 78 7.422359323153254
78 113 7.422359323153254
114 77 14.865322013121684
77 114 14.865322013121684
117 115 11.0646
115 117 11.0646
53 122 18.248205802083667
122 53 18.248205802083667
122 29 12.48143771150183
29 122 12.48143771150183
122 121 17.677408322231514
121 122 17.677408322231514
51 121 17.212478120456684
121 51 17.212478120456684
121 30 27.782944008398395
30 121 27.782944008398395
143 148 7.524741529547709
148 143 7.524741529547709
143 144 18.423472720583923
144 143 18.423472720583923
144 145 13.697331286338224
145 144 13.697331286338224
145 146 20.191000287821307
146 145 20.191000287821307
144 146 16.157725962018915
146 144 16.157725962018915
146 147 16.825833573184422
147 146 16.825833573184422
147 140 18.39021732754945
140 147 18.39021732754945
147 143 20.40961371944359
143 147 20.40961371944359
140 139 24.567398919682162
139 140 24.567398919682162
139 7 14.1696016874999
7 139 14.1696016874999
140 141 14.13716455600981
141 140 14.13716455600981
141 142 7.08480084374995
142 141 7.08480084374995
142 143 18.39021732754945
143 142 18.39021732754945
141 138 21.92075705017963
138 141 21.92075705017963
142 137 21.604322141009195
137 142 21.604322141009195
139 138 16.862174508766657
138 139 16.862174508766657
138 137 9.787637840546616
137 138 9.787637840546616
137 151 14.104652827524681
151 137 14.104652827524681
142 149 7.08480084374995
149 142 7.08480084374995
149 150 9.677572550355796
150 149 9.677572550355796
150 151 13.741948118782139
151 150 13.741948118782139
151 124 12.542591618585053
124 151 12.542591618585053
150 152 9.005931918380242
152 150 9.005931918380242
152 124 13.506065526584713
124 152 13.506065526584713
152 125 20.054110571915174
125 152 20.054110571915174
148 125 11.405128626302293
125 148 11.405128626302293
136 124 32.93926030788336
124 136 32.93926030788336
4 153 13.9628939248746
153 4 13.9628939248746
153 128 8.224355213079019
128 153 8.224355213079019
128 127 6.307792504275961
127 128 6.307792504275961
127 126 9.404910000000001
126 127 9.404910000000001
126 132 7.213236693260523
132 126 7.213236693260523
127 131 7.705602246586571
131 127 7.705602246586571
128 129 9.157585959989675
129 128 9.157585959989675
153 130 7.19199
130 153 7.19199
130 129 7.978796528499771
129 130 7.978796528499771
131 132 10.911401165666122
132 131 10.911401165666122
126 159 9.849980113142362
159 126 9.849980113142362
159 125 13.9628939248746
125 159 13.9628939248746
125 158 9.849980113142362
158 125 9.849980113142362
158 136 8.641728856403676
136 158 8.641728856403676
136 157 11.51197057178744
157 136 11.51197057178744
157 133 10.953395167563343
133 157 10.953395167563343
133 134 14.896173631255108
134 133 14.896173631255108
134 135 8.224355213079019
135 134 8.224355213079019
135 47 16.853096621428364
47 135 16.853096621428364
134 154 9.973495660624714
154 134 9.973495660624714
154 131 15.341537729318402
131 154 15.341537729318402
132 156 6.307792504275961
156 132 6.307792504275961
156 133 11.202053717466274
133 156 11.202053717466274
156 155 12.915284392164967
155 156 12.915284392164967
155 158 12.51816590578668
158 155 12.51816590578668
47 160 15.500315958924839
160 47 15.500315958924839
160 50 17.712002109374875
50 160 17.712002109374875
50 162 12.13328114010798
162 50 12.13328114010798
162 161 20.766400192524944
161 162 20.766400192524944
162 164 10.627201265624924
164 162 10.627201265624924
90 164 13.323542737650522
164 90 13.323542737650522
164 163 21.77365971907571
163 164 21.77365971907571
163 51 18.59708792195703
51 163 18.59708792195703
163 124 13.741948118782139
124 163 13.741948118782139
161 160 13.380848562273622
160 161 13.380848562273622
161 133 12.145887149887406
133 161 12.145887149887406
130 165 37.399330052194784
165 130 37.399330052194784
165 166 6.307792504275961
166 165 6.307792504275961
166 129 37.11179661576626
129 166 37.11179661576626
166 135 16.157725962018915
135 166 16.157725962018915
166 52 17.087554388694716
52 166 17.087554388694716
123 124 33.15689748720166
124 123 33.15689748720166
123 31 22.1292
31 123 22.1292
136 162 12.615585008551921
162 136 12.615585008551921
139 174 26.721638964623782
174 139 26.721638964623782
32 168 10.52591861595937
168 32 10.52591861595937
32 167 14.426473386521046
167 32 14.426473386521046
167 171 20.04647817941346
171 167 20.04647817941346
171 172 11.351330549803404
172 171 11.351330549803404
172 173 8.641728856403676
173 172 8.641728856403676
173 178 5.880915567979191
178 173 5.880915567979191
178 181 7.213236693260523
181 178 7.213236693260523
181 174 5.5323
174 181 5.5323
174 176 11.551781539849168
176 174 11.551781539849168
176 180 6.451715033570531
180 176 6.451715033570531
180 179 10.641591524438438
179 180 10.641591524438438
179 175 5.958469452502044
175 179 5.958469452502044
175 170 11.391702925796478
170 175 11.391702925796478
170 167 13.196594004518742
167 170 13.196594004518742
172 170 16.825833573184422
170 172 16.825833573184422
175 173 14.605691107623084
173 175 14.605691107623084
178 179 12.615585008551921
179 178 12.615585008551921
181 180 11.916938905004088
180 181 11.916938905004088
176 177 14.38398
177 176 14.38398
177 180 11.761831135958381
180 177 11.761831135958381
176 182 14.896173631255108
182 176 14.896173631255108
182 177 9.073646645649147
177 182 9.073646645649147
177 182 9.073646645649147
182 177 9.073646645649147
177 183 12.283699459841081
183 177 12.283699459841081
183 169 14.180397576066055
169 183 14.180397576066055
169 168 16.081778533498717
168 169 16.081778533498717
168 184 11.617830000000001
184 168 11.617830000000001
184 199 9.973495660624714
199 184 9.973495660624714
199 185 18.84233483844293
185 199 18.84233483844293
185 33 27.6615
33 185 27.6615
184 186 7.213236693260523
186 184 7.213236693260523
186 200 9.469772216885683
200 186 9.469772216885683
200 187 18.809820000000002
187 200 18.809820000000002
187 188 27.130841419397598
188 187 27.130841419397598
188 33 7.764953076567816
33 188 7.764953076567816
187 185 6.63876
185 187 6.63876
200 199 7.7452200000000015
199 200 7.7452200000000015
184 189 10.52591861595937
189 184 10.52591861595937
199 198 9.973495660624714
198 199 9.973495660624714
169 189 6.307792504275961
189 169 6.307792504275961
189 198 8.920565708182414
198 189 8.920565708182414
198 197 5.009710719971763
197 198 5.009710719971763
197 195 17.712002109374875
195 197 17.712002109374875
195 194 9.95814
194 195 9.95814
194 55 14.38398
55 194 14.38398
194 33 18.147293291298293
33 194 18.147293291298293
194 193 21.12440496601502
193 194 21.12440496601502
195 196 14.082936644010013
196 195 14.082936644010013
196 197 12.183626921261993
197 196 12.183626921261993
196 191 10.201057160216287
191 196 10.201057160216287
196 193 7.041468322005007
193 196 7.041468322005007
193 192 10.953395167563343
192 193 10.953395167563343
182 192 18.777248858680014
192 182 18.777248858680014
192 191 7.862875647357015
191 192 7.862875647357015
191 190 5.880915567979191
190 191 5.880915567979191
190 183 11.670399634995366
183 190 11.670399634995366
190 189 14.885896863125177
189 190 14.885896863125177
177 191 20.766400192524944
191 177 20.766400192524944
55 201 13.841810177697136
201 55 13.841810177697136
201 202 20.49939251225997
202 201 20.49939251225997
69 202 14.844718646306507
202 69 14.844718646306507
193 201 29.894902978066348
201 193 29.894902978066348
22 21 13.396850266109567
21 22 13.396850266109567
23 22 17.81915957130908
22 23 17.81915957130908
8 25 21.272826548172297
25 8 21.272826548172297
25 201 4.948239548768835
201 25 4.948239548768835
25 24 19.355145100711596
24 25 19.355145100711596
24 7 23.152262391475784
7 24 23.152262391475784
33 203 31.553515607990498
203 33 31.553515607990498
203 205 16.053205614512013
205 203 16.053205614512013
205 207 14.947451489033174
207 205 14.947451489033174
207 204 12.221250151077017
204 207 12.221250151077017
204 34 9.973495660624714
34 204 9.973495660624714
205 68 11.551781539849168
68 205 11.551781539849168
204 67 12.082725582139982
67 204 12.082725582139982
207 208 8.29845
208 207 8.29845
208 206 13.83075
206 208 13.83075
206 205 8.920565708182414
205 206 8.920565708182414
206 209 17.230250430942668
209 206 17.230250430942668
209 203 7.7452200000000015
203 209 7.7452200000000015
214 209 13.929975465111202
209 214 13.929975465111202
214 188 18.46495773757958
188 214 18.46495773757958
214 213 5.219161381687674
213 214 5.219161381687674
213 215 10.201057160216287
215 213 10.201057160216287
215 212 6.307792504275961
212 215 6.307792504275961
212 209 8.868951587155047
209 212 8.868951587155047
210 215 9.677572550355796
215 210 9.677572550355796
211 210 29.715198197496512
210 211 29.715198197496512
211 188 11.916938905004088
188 211 11.916938905004088
211 216 23.633995960110088
216 211 23.633995960110088
216 218 9.273824704236112
218 216 9.273824704236112
216 217 9.005931918380242
217 216 9.005931918380242
217 219 14.1696016874999
219 217 14.1696016874999
219 43 16.043670000000002
43 219 16.043670000000002
218 220 13.150126979938253
220 218 13.150126979938253
220 223 8.055150388093322
223 220 8.055150388093322
223 224 12.627709552444577
224 223 12.627709552444577
224 42 10.953395167563343
42 224 10.953395167563343
224 221 22.25332861466347
221 224 22.25332861466347
221 222 7.524741529547709
222 221 7.524741529547709
222 210 28.479257314491196
210 222 28.479257314491196
218 221 25.806860134282125
221 218 25.806860134282125
14 225 38.14479728621716
225 14 38.14479728621716
14 226 16.28038491226175
226 14 16.28038491226175
226 227 12.639822466071271
227 226 12.639822466071271
227 239 8.29845
239 227 8.29845
239 233 6.661771368825261
233 239 6.661771368825261
233 238 13.472030868050297
238 233 13.472030868050297
238 237 8.920565708182414
237 238 8.920565708182414
237 239 14.616164892481201
239 237 14.616164892481201
237 236 9.787637840546616
236 237 9.787637840546616
236 226 31.65519987797581
226 236 31.65519987797581
236 235 20.47698471633458
235 236 20.47698471633458
235 234 16.34605080506298
234 235 16.34605080506298
227 228 27.843467376311093
228 227 27.843467376311093
228 229 12.24626808954467
229 228 12.24626808954467
226 240 30.926497179805214
240 226 30.926497179805214
240 229 31.470959134802357
229 240 31.470959134802357
229 230 35.99823016342054
230 229 35.99823016342054
230 231 13.056696830565532
231 230 13.056696830565532
232 231 28.76796
231 232 28.76796
232 241 17.078596299277642
241 232 17.078596299277642
241 233 19.645508109664664
233 241 19.645508109664664
23 254 9.005931918380242
254 23 9.005931918380242
254 256 24.567398919682162
256 254 24.567398919682162
256 257 19.86242092515663
257 256 19.86242092515663
257 253 18.26497034930525
253 257 18.26497034930525
253 252 22.689175704238355
252 253 22.689175704238355
252 255 22.156844233139342
255 252 22.156844233139342
255 257 24.741197743844175
257 255 24.741197743844175
252 251 15.500315958924839
251 252 15.500315958924839
251 247 40.077685759774106
247 251 40.077685759774106
247 250 7.921048146836377
250 247 7.921048146836377
250 249 24.01935825571741
249 250 24.01935825571741
249 248 12.145887149887406
248 249 12.145887149887406
248 245 24.96287542300366
245 248 24.96287542300366
249 246 19.746513958534553
246 249 19.746513958534553
245 246 12.221250151077017
246 245 12.221250151077017
246 247 21.583061526896504
247 246 21.583061526896504
245 242 18.55589830788313
242 245 18.55589830788313
242 243 24.567398919682162
243 242 24.567398919682162
243 244 18.939544433771367
244 243 18.939544433771367
244 231 18.882899653615173
231 244 18.882899653615173
242 258 24.99350848818349
258 242 24.99350848818349
258 254 35.47580634862019
254 258 35.47580634862019
255 259 28.789230213626766
259 255 28.789230213626766
259 246 24.99350848818349
246 259 24.99350848818349
255 261 12.950782263214837
261 255 12.950782263214837
254 261 17.712002109374875
261 254 17.712002109374875
261 260 31.611660956338564
260 261 31.611660956338564
260 245 27.68362035539427
245 260 27.68362035539427
259 260 13.380848562273622
260 259 13.380848562273622
260 258 17.159050744426395
258 260 17.159050744426395
244 248 33.1615125470733
248 244 33.1615125470733
34 262 13.83075
262 34 13.83075
262 263 14.93721
263 262 14.93721
263 35 19.394637378257425
35 263 19.394637378257425
39 266 19.559634227791683
266 39 19.559634227791683
266 267 7.764953076567816
267 266 7.764953076567816
267 268 12.48143771150183
268 267 12.48143771150183
268 265 10.201057160216287
265 268 10.201057160216287
34 265 7.764953076567816
265 34 7.764953076567816
262 271 12.639822466071271
271 262 12.639822466071271
271 272 16.34605080506298
272 271 16.34605080506298
272 273 15.411204493173141
273 272 15.411204493173141
273 270 18.26497034930525
270 273 18.26497034930525
270 37 10.019421439943526
37 270 10.019421439943526
270 269 26.56080218733049
269 270 26.56080218733049
269 35 12.73631106078208
35 269 12.73631106078208
38 274 20.191000287821307
274 38 20.191000287821307
274 275 12.867801568212808
275 274 12.867801568212808
275 276 12.283699459841081
276 275 12.283699459841081
276 277 16.336686123225846
277 276 16.336686123225846
277 278 7.08480084374995
278 277 7.08480084374995
278 279 22.790121667759916
279 278 22.790121667759916
279 280 16.825833573184422
280 279 16.825833573184422
280 253 18.882899653615173
253 280 18.882899653615173
278 281 17.918162325196747
281 278 17.918162325196747
281 283 19.012125453375802
283 281 19.012125453375802
283 285 22.790121667759916
285 283 22.790121667759916
285 284 16.053205614512013
284 285 16.053205614512013
284 37 12.370598871922088
37 284 12.370598871922088
284 282 20.832617402818112
282 284 20.832617402818112
282 283 17.78098777305974
283 282 17.78098777305974
282 38 13.562600162686355
38 282 13.562600162686355
274 281 31.70833292805694
281 274 31.70833292805694
37 287 31.31496829012605
287 37 31.31496829012605
287 36 10.897367203375318
36 287 10.897367203375318
36 289 14.93721
289 36 14.93721
289 288 9.518128814971986
288 289 9.518128814971986
288 286 17.608016853913448
286 288 17.608016853913448
287 286 16.336686123225846
286 287 16.336686123225846
286 285 20.65556645223268
285 286 20.65556645223268
36 290 9.550230520997909
290 36 9.550230520997909
290 60 23.268567055151895
60 290 23.268567055151895
60 293 22.301414270456032
293 60 22.301414270456032
293 294 12.13328114010798
294 293 12.13328114010798
295 294 8.426548310714182
294 295 8.426548310714182
294 292 10.897367203375318
292 294 10.897367203375318
292 295 8.055150388093322
295 292 8.055150388093322
291 292 11.735780536675012
292 291 11.735780536675012
291 290 18.882899653615173
290 291 18.882899653615173
292 288 7.862875647357015
288 292 7.862875647357015
252 300 19.012125453375802
300 252 19.012125453375802
300 280 21.583061526896504
280 300 21.583061526896504
300 301 13.289040626896286
301 300 13.289040626896286
301 279 19.746513958534553
279 301 19.746513958534553
300 299 7.276604557875877
299 300 7.276604557875877
299 251 20.40961371944359
251 299 20.40961371944359
299 298 16.72548886193166
298 299 16.72548886193166
298 297 16.420775998255987
297 298 16.420775998255987
297 296 15.19117600472722
296 297 15.19117600472722
296 286 18.12197736180299
286 296 18.12197736180299
288 302 21.175054408395273
302 288 21.175054408395273
302 303 16.420775998255987
303 302 16.420775998255987
303 251 32.31545192403783
251 303 32.31545192403783
297 303 17.841131416364828
303 297 17.841131416364828
296 302 17.95229218912449
302 296 17.95229218912449
303 247 28.27432911201962
247 303 28.27432911201962
295 304 23.05715036484995
304 295 23.05715036484995
306 304 37.132408556603224
304 306 37.132408556603224
306 307 27.012131053169426
307 306 27.012131053169426
307 232 18.147293291298293
232 307 18.147293291298293
307 312 11.351330549803404
312 307 11.351330549803404
312 241 23.58862694207105
241 312 23.58862694207105
312 311 22.743069309154382
311 312 22.743069309154382
311 310 20.402114320432574
310 311 20.402114320432574
310 309 18.39021732754945
309 310 18.39021732754945
309 308 12.13328114010798
308 309 12.13328114010798
294 305 19.355145100711592
305 294 19.355145100711592
305 308 14.521628877922065
308 305 14.521628877922065
305 304 18.39021732754945
304 305 18.39021732754945
311 233 26.23617084469645
233 311 26.23617084469645
13 313 26.095806908438377
313 13 26.095806908438377
313 72 5.448683601687659
72 313 5.448683601687659
72 314 20.73690245008883
314 72 20.73690245008883
314 315 18.26497034930525
315 314 18.26497034930525
315 311 10.981301952072897
311 315 10.981301952072897
234 313 18.662802218321875
313 234 18.662802218321875
57 323 17.918162325196747
323 57 17.918162325196747
323 322 18.923377512827884
322 323 18.923377512827884
322 324 32.106411229024026
324 322 32.106411229024026
324 321 24.197093774618885
321 324 24.197093774618885
320 319 26.02534105458947
319 320 26.02534105458947
319 318 28.350001319142827
318 319 28.350001319142827
317 316 11.670399634995366
316 317 11.670399634995366
27 316 16.60611794017193
316 27 16.60611794017193
89 318 33.267482221628974
318 89 33.267482221628974
319 26 37.21474215781295
26 319 37.21474215781295
88 320 41.8850283201862
320 88 41.8850283201862
56 321 55.394873212738744
321 56 55.394873212738744
318 325 12.772306359295492
325 318 12.772306359295492
317 325 20.49939251225997
325 317 20.49939251225997
325 112 30.608171590392327
112 325 30.608171590392327
313 326 10.496801219609715
326 313 10.496801219609715
328 321 31.104123704050885
321 328 31.104123704050885
324 327 32.258575167852655
327 324 32.258575167852655
327 328 18.547649408472225
328 327 18.547649408472225
328 329 11.942594346765699
329 328 11.942594346765699
329 330 15.745201829414572
330 329 15.745201829414572
330 331 8.920565708182414
331 330 8.920565708182414
331 332 28.90064200643474
332 331 28.90064200643474
332 333 28.789230213626766
333 332 28.789230213626766
333 334 11.617830000000001
334 333 11.617830000000001
334 335 23.814607726429173
335 334 23.814607726429173
335 336 7.7452200000000015
336 335 7.7452200000000015
336 317 16.053205614512013
317 336 16.053205614512013
336 337 22.239570759490842
337 336 22.239570759490842
337 338 12.72429
338 337 12.72429
338 340 7.7452200000000015
340 338 7.7452200000000015
340 318 9.469772216885683
318 340 9.469772216885683
334 337 10.095500143910654
337 334 10.095500143910654
337 325 16.081778533498717
325 337 16.081778533498717
340 339 27.68362035539427
339 340 27.68362035539427
339 341 26.647085475301044
341 339 26.647085475301044
341 331 17.581924446117952
331 341 17.581924446117952
341 320 10.019421439943526
320 341 10.019421439943526
320 342 11.735780536675012
342 320 11.735780536675012
342 343 14.553209115751754
343 342 14.553209115751754
343 321 11.670399634995366
321 343 11.670399634995366
332 339 17.78098777305974
339 332 17.78098777305974
339 319 11.078422116569671
319 339 11.078422116569671
335 345 20.289290703484436
345 335 20.289290703484436
345 344 16.081778533498717
344 345 16.081778533498717
344 346 11.878351845559214
346 344 11.878351845559214
346 352 20.137875970233306
352 346 20.137875970233306
352 353 21.2039426270234
353 352 21.2039426270234
353 355 27.327546107837783
355 353 27.327546107837783
355 354 26.242003049024287
354 355 26.242003049024287
354 353 18.26497034930525
353 354 18.26497034930525
354 356 17.841131416364828
356 354 17.841131416364828
356 352 26.212829051067725
352 356 26.212829051067725
356 351 8.371889042151718
351 356 8.371889042151718
351 350 19.76974971549463
350 351 19.76974971549463
350 346 16.129287583926327
346 350 16.129287583926327
350 349 13.841810177697136
349 350 13.841810177697136
349 348 7.685716788283315
348 349 7.685716788283315
348 344 16.129287583926327
344 348 16.129287583926327
349 360 15.57909825021012
360 349 15.57909825021012
360 351 21.752564613474892
351 360 21.752564613474892
360 359 8.462791696514811
359 360 8.462791696514811
359 348 18.011863836760483
348 359 18.011863836760483
348 347 16.28038491226175
347 348 16.28038491226175
347 345 20.73690245008883
345 347 20.73690245008883
347 358 7.381008810196613
358 347 7.381008810196613
358 357 14.479414751173474
357 358 14.479414751173474
357 359 16.081778533498717
359 357 16.081778533498717
357 27 13.874937812260637
27 357 13.874937812260637
358 316 14.978133939703572
316 358 14.978133939703572
43 364 11.405128626302293
364 43 11.405128626302293
364 42 12.903430067141063
42 364 12.903430067141063
42 363 11.916938905004088
363 42 11.916938905004088
363 362 11.551781539849168
362 363 11.551781539849168
355 362 28.263502257664392
362 355 28.263502257664392
362 364 15.049483059095419
364 362 15.049483059095419
43 361 13.697331286338224
361 43 13.697331286338224
355 361 17.371774372222315
361 355 17.371774372222315
45 365 15.842096293672753
365 45 15.842096293672753
365 366 13.36940704794345
366 365 13.36940704794345
366 30 7.685716788283315
30 366 7.685716788283315
30 367 11.630994684110213
367 30 11.630994684110213
367 368 4.460282854091207
368 367 4.460282854091207
368 369 17.078596299277642
369 368 17.078596299277642
367 29 13.663773053918892
29 367 13.663773053918892
28 374 17.078596299277642
374 28 17.078596299277642
374 375 14.38398
375 374 14.38398
375 29 8.168343061612923
29 375 8.168343061612923
374 373 4.460282854091207
373 374 4.460282854091207
373 370 16.28038491226175
370 373 16.28038491226175
370 378 19.36305
378 370 19.36305
378 357 10.019421439943526
357 378 10.019421439943526
378 380 6.661771368825261
380 378 6.661771368825261
380 379 10.019421439943526
379 380 10.019421439943526
379 359 11.630994684110213
359 379 11.630994684110213
380 371 18.84233483844293
371 380 18.84233483844293
371 370 7.823853691116676
370 371 7.823853691116676
371 377 6.1106250755385085
377 371 6.1106250755385085
377 376 13.150126979938253
376 377 13.150126979938253
376 29 19.992969848609285
29 376 19.992969848609285
375 372 14.180397576066055
372 375 14.180397576066055
372 371 14.362686161529814
371 372 14.362686161529814
369 365 11.405128626302293
365 369 11.405128626302293
369 381 6.99786747973981
381 369 6.99786747973981
381 382 17.651418489520893
382 381 17.651418489520893
382 351 18.12197736180299
351 382 18.12197736180299
381 383 18.147293291298293
383 381 18.147293291298293
383 384 14.605691107623084
384 383 14.605691107623084
384 356 11.405128626302293
356 384 11.405128626302293
44 385 20.825270332442265
385 44 20.825270332442265
385 383 15.72575129471403
383 385 15.72575129471403
385 361 35.03304676914356
361 385 35.03304676914356
385 386 13.697331286338224
386 385 13.697331286338224
386 354 5.984097396374828
354 386 5.984097396374828
